row_number
8571
16995
2677
9037
326
13693
777
16750
2143
10993
6332
1962
9645
1175
4508
12603
8998
15541
12261
7670
5402
12816
10442
8010
16824
19422
17668
1929
6506
2648
15434
7600
14364
8925
2568
766
12654
14667
3042
9054
5759
17762
12230
9491
16575
9836
8611
4167
17630
2835
6542
9165
10606
15615
5031
958
12833
11945
8933
2000
8739
16524
7714
2823
19265
15431
11050
1259
16553
4211
795
12543
10213
103
2314
15211
13987
5373
1167
15117
11633
1647
19890
5029
2492
17816
15695
15401
11279
12511
7045
3499
8112
4651
9838
3895
178
5603
5613
2528
16900
3275
17135
563
11765
19857
5796
1946
11476
593
7605
14606
18483
2167
1702
16146
19369
4429
12747
9556
16081
654
8328
14325
19817
13704
13582
8099
13362
7385
10230
9555
63
402
5872
6217
15102
4204
17310
3226
11622
11376
18235
18605
1997
4025
10341
18236
12248
17136
12175
1789
19106
11463
15868
14674
19314
15967
14654
2056
9609
12394
17536
16954
5809
17273
2572
8392
5376
13936
13959
3089
5730
2119
18417
5950
17046
9749
13126
2273
17484
2240
3278
2481
12172
14615
1391
3733
976
18421
3828
6663
2796
18211
5070
11531
18453
13550
9170
1908
7595
7848
11398
18810
4117
4156
19744
17349
10583
17052
14288
11620
6556
12081
10834
75
19835
14948
15737
14361
17602
139
12240
1220
19251
2533
11592
15822
19791
19134
2233
19087
18517
15249
15586
3614
15311
6204
6619
17441
2574
14161
1494
18397
11908
14185
9352
13886
10063
1543
12946
12672
16869
2349
18242
5040
2516
6178
867
12093
560
18756
16930
9729
18897
9605
8039
2511
802
985
4221
810
19561
2067
19190
3918
18739
14780
17969
1903
16592
2522
6806
14754
6597
12796
1904
17729
9874
10044
16926
15131
17943
18424
3832
871
4489
2881
3302
4320
808
9708
1711
11591
18305
10845
917
1365
18093
5445
14806
3237
19093
14150
14716
15107
1808
110
965
283
4209
12813
13499
6890
17897
8429
17391
15700
17733
2044
19682
13958
2163
4643
7427
16091
13261
8336
4427
6455
15662
1701
18317
1651
1797
2091
2942
18628
10046
5400
13789
5880
16497
13905
9938
19570
2553
11801
17553
8605
8790
18563
10607
6681
6001
3468
13651
17243
3574
10257
5999
4122
16812
3493
11789
12083
4335
5056
4233
16649
5493
9061
12041
13851
4186
8382
3721
4052
12423
1945
1611
16724
16879
3911
6269
13018
8043
4101
2508
4740
6869
18686
6399
9533
19670
19743
3802
15167
14297
18537
2748
15108
7477
6748
12967
3454
17248
1777
969
19918
17604
1177
11275
12176
2819
10995
19421
3253
16399
10774
1753
11073
15557
19162
18085
14444
7853
14475
8289
7764
3016
8881
3782
15751
11760
7307
10573
11949
14437
13569
6603
508
12318
5571
17559
45
17299
19108
13336
2691
3023
11916
1451
2412
17983
9399
10646
5266
702
1604
7159
2713
19596
2520
11863
2266
5152
18131
400
5604
9276
1723
4158
13787
7090
15850
10047
1510
16061
11104
5281
18959
1566
8077
12630
19737
2832
17071
10800
17656
2589
2292
15846
8320
16001
13848
4960
15777
16382
4498
19406
13982
7865
11967
17328
5232
6654
18783
14639
10527
3994
8420
18630
5226
15703
12551
19792
9471
17667
1109
7383
18065
7664
17669
12154
4664
10188
9884
4725
14677
5265
1872
2424
15235
6966
3274
8158
4078
12628
226
14083
8322
18029
13424
2905
14762
9780
11553
4385
15521
2792
6662
310
12792
14727
4044
1460
6777
3752
17058
13198
3716
6647
12062
17268
10121
14172
518
267
19200
2707
14363
2995
1983
2354
5871
13324
4201
14144
10199
19322
12202
4549
17362
14507
17242
14522
599
6042
930
10377
15576
16665
5114
17445
1682
8085
15616
17000
16109
10474
19989
10191
2740
19423
3715
10457
19244
16670
8252
9717
19708
16511
8555
19870
1890
18132
3572
830
13785
18720
19797
17367
6284
9316
640
1600
17636
10244
12481
10936
18050
9823
15715
7176
10620
10801
15540
16716
15469
17734
13045
4655
10217
16967
2730
11099
12516
15
4170
10682
2895
17975
14766
14663
15055
13910
16018
15574
7791
10522
4518
2953
13037
11301
1300
16790
17105
8380
8903
873
19994
5712
14817
19907
15346
2727
17063
13506
6981
10510
8156
3239
5610
6263
4825
18714
17535
15947
10300
13428
16810
15784
656
6241
10481
15471
3723
2352
9111
12943
14519
11155
15229
14907
12403
15880
6445
15575
5562
11235
16408
12399
3255
11397
12425
12536
14420
17446
9256
6210
13916
4541
10043
15470
17580
3901
10514
12629
4324
12087
449
7234
16096
12031
11872
11098
16684
5449
14919
3372
10152
8249
15742
5225
13812
17699
2741
6584
7490
15356
3482
13815
5877
18304
14275
5463
992
19057
7586
15246
3309
8385
18591
649
15258
17438
10764
9993
19122
16509
15723
5135
8378
13388
9242
13020
14326
3236
15169
15766
17948
8153
1093
3573
10455
6112
12832
1899
2025
9272
4773
2603
2992
8339
16424
7509
2564
6010
11264
12637
15977
18773
15417
8905
10292
18608
3062
1885
4842
9415
19164
4124
10305
1237
8638
403
14015
12873
10758
2681
2592
14416
2734
12424
2531
13022
3466
8752
11289
4811
1773
4968
12448
19943
14513
19014
19501
697
6452
9271
6501
4378
1306
12291
15936
1438
11064
5869
13195
20021
12309
8224
3147
15413
12888
4567
845
1382
3210
4621
15092
8184
31
1979
13408
17990
3732
18685
15195
5366
11033
9934
368
4535
5267
15078
5597
11125
1949
401
18976
17860
11216
7882
15050
14472
17966
8225
1034
16300
18482
13658
12605
16333
13557
15366
2210
18520
2690
3611
2594
19769
1065
4388
16270
13000
17232
4545
12377
4603
5163
1202
14577
15289
4367
9436
2674
16529
3399
17884
9817
13677
11411
11755
18237
436
9571
19048
19619
7261
3541
12455
12101
17079
11089
6955
11002
13117
16367
6522
17784
9423
5264
14440
2169
16241
9210
800
13133
14497
19504
7618
9606
3407
3996
18074
9832
730
6396
3646
2562
4744
18727
13532
14010
9030
17991
14978
17838
8478
314
12559
16105
1931
13718
162
7972
8299
7055
9333
1232
11349
3192
4312
10251
2984
2990
9120
11545
2473
13966
16637
16725
10317
15570
19302
18814
12239
189
643
5944
2316
4599
2932
13736
17390
2120
1385
4250
3007
12105
15650
14376
9339
1854
15248
14552
8854
15644
1654
5178
6375
19447
15438
9238
19764
2318
14048
6849
18439
1260
11291
15410
4537
12849
17626
19030
693
7596
20022
828
17296
19920
19071
2115
12564
6446
20004
16070
4334
16977
8563
10067
17190
14044
17259
6368
15065
18703
15554
18204
9679
13300
3181
19255
16913
2943
11636
2222
19223
6318
147
19477
3396
15916
19849
8507
18008
11992
17128
8056
18822
492
8728
11381
1299
11890
6512
15638
2786
16391
10856
18541
12404
18674
12523
9969
17778
15867
19892
19573
1039
16606
17768
6616
13521
9344
11416
16690
14867
18467
924
19428
19940
12191
13678
3143
16132
16919
11878
17155
15595
2880
18644
5887
13462
8807
758
4833
6735
1344
18036
6895
14658
9558
5045
17334
9767
17048
12876
134
13111
8374
14485
1003
13067
7567
15282
13221
3986
16591
4033
18834
3812
10124
9327
9164
4887
4559
3084
13004
7197
8809
5805
15220
2862
3217
14951
8735
20031
8268
16848
1380
1572
10268
2162
4090
19628
18887
13029
17044
16871
11787
2609
17300
6507
6924
5821
13684
1958
16197
1275
11105
5115
17693
9500
2485
3272
2983
14731
3446
10555
7343
10734
2065
4419
1898
15303
15828
10545
1975
13315
14524
5426
6237
19924
6448
837
4107
7990
3655
3745
725
15003
1416
9481
1199
865
11392
6515
13519
6342
15483
16796
1217
16029
13367
13810
18618
16372
5388
12593
15917
16609
19765
11366
8029
16037
2342
10025
18275
15823
2664
9429
7630
1367
10708
3225
7833
11701
13695
17006
12033
499
5667
357
17030
9526
9004
15385
11937
3876
6067
16387
12431
14544
2726
3101
17236
8172
7996
6329
19347
9616
5051
5036
13970
14187
3065
1633
17760
1392
9549
13285
15330
19070
11086
4752
4125
8958
14801
10713
14141
14641
8751
3177
836
3607
3335
17088
15444
740
6633
18473
17342
11213
7906
18162
7592
2723
1019
10383
12159
10941
3165
12221
3356
5310
15987
2047
1830
10513
6860
16660
10903
13387
6590
12264
10932
18660
18754
18164
12491
8924
7679
6205
17453
15792
16521
3824
17247
10378
16380
17691
15958
7244
17308
2795
8345
14022
1787
11601
12242
2518
6128
10687
2955
662
1859
14337
8101
10661
3229
17506
18450
16133
15944
5043
19899
18505
16160
17389
19964
10287
12228
11448
16216
9395
7568
14902
12385
15989
10115
1200
8729
13087
17127
10949
12674
9082
15001
14409
7820
12883
7324
6749
12894
14733
7032
18669
1004
2145
16069
12954
13469
17539
17847
10562
9567
20046
9432
9657
10602
1028
13501
1921
6056
14998
15032
10003
7484
15494
5750
13157
13449
723
5193
8161
1348
6233
11030
15171
19291
7365
15411
2650
7104
5855
19159
5380
2914
10980
11263
12173
6453
10236
14896
19693
6703
12208
6876
9816
2383
15802
5239
10895
18037
9755
2024
18373
12718
12055
13038
17959
17790
18548
3803
16722
10669
12162
8028
12193
18518
1578
13935
9736
4696
11941
9449
6948
11680
3099
15901
19482
2171
16607
1794
3445
2454
3021
12476
18645
5891
11798
5599
13940
14157
2838
12939
7462
1303
15605
7560
16535
8324
66
1322
12046
7043
6304
8829
8777
10592
2395
2353
15399
11139
14799
1278
19784
4089
14750
18672
3858
7139
524
7224
6833
19012
15785
12059
16979
11415
3176
18055
15811
17525
4721
7602
8697
6960
12607
10963
9761
8004
7162
12667
5464
9591
17812
10548
17378
11619
16974
9011
10396
14281
10830
297
13757
14997
14373
16491
12768
10466
7316
956
10601
19636
10517
19275
8938
14685
15658
17084
9040
5196
11088
16192
17370
6349
4902
10150
8466
2785
3245
9604
11340
12896
18032
4528
15817
12116
19508
11600
19533
6360
12820
6881
12623
9001
19350
12236
18392
5825
13742
2538
1472
7402
12879
7233
532
17498
5706
19073
5813
12860
16040
14838
11203
16757
17108
9452
8063
19543
967
10393
6265
61
14158
10637
6378
19296
2227
10645
17793
14812
8013
3323
13349
3707
18106
5608
19252
18270
18252
17214
18021
2672
18466
3923
2185
9231
2611
19958
10171
7813
18464
2048
15301
4000
18682
11784
8608
7040
14697
19460
2771
9000
10289
14159
1248
2030
3233
14763
18099
12216
18671
10030
9930
15161
13734
264
11332
7933
19476
2929
10512
8657
4775
14693
2964
10858
14585
16525
12446
16874
11090
14851
14027
20045
5740
9081
17785
729
9869
307
6053
13100
9754
3928
3877
6843
2385
16210
11056
4224
14074
987
4069
4430
2193
15684
13803
13450
4851
10454
3498
11229
12892
19194
2089
3152
13547
18404
5782
9587
10073
17410
7170
11554
16373
5576
13308
19961
19954
12940
4472
1801
8164
17854
3070
12000
18731
19551
2820
852
14543
4494
3130
16847
5757
2945
14345
13685
17640
11867
12517
12539
7038
14952
19689
15765
19937
12045
19589
10070
3525
4478
2675
6858
338
16652
4458
780
13523
1360
2132
16114
7982
2489
13588
1094
12828
9868
17895
14407
14635
9943
6139
16950
15373
8909
6190
14691
3861
1135
11780
4061
13187
11495
16801
20049
19658
15145
14787
16564
18995
19823
1430
3355
3379
11329
2389
9062
15752
3527
15569
16147
19360
781
791
13732
15298
14355
17801
4274
2910
8698
2816
19681
17483
16319
6962
17429
12149
12798
15745
19550
12802
9664
16130
18710
10323
2825
15886
4771
18360
4349
5086
18556
6830
12979
1620
13236
5065
10952
1332
19923
17858
16441
9933
1922
3549
16549
19866
14206
15730
4971
17183
7180
2972
1992
2933
4691
1630
19767
10000
13764
16277
19710
18240
15162
17225
14182
7976
1098
17109
12422
4757
13797
5346
16154
13537
9447
2075
443
11466
12859
3429
18474
12703
14405
5495
12806
15566
12841
83
2997
3768
6853
18724
2430
11722
3971
15318
1739
1729
15484
17318
10357
3550
16422
15974
1061
5004
19437
17013
13820
8011
99
8568
3276
1532
2404
14262
6932
19140
19303
8457
16798
10865
15698
11829
2296
14864
15400
13471
17551
17254
1021
16136
12529
18951
14114
16116
10887
1563
17402
2200
3185
11225
5289
2586
16877
1587
2239
11286
18227
15254
5317
1941
18775
10640
10915
3014
15232
8699
6800
19455
16882
11123
19163
10519
4397
18399
1905
14765
6469
16797
3603
19003
18033
16794
11512
3659
1618
6965
3086
10344
12360
2805
16009
8994
16504
15807
9323
17442
4967
14151
882
5305
15418
7826
913
6785
17590
4138
14982
9264
1495
3898
6410
1669
16538
635
16115
12337
19659
9920
13809
18726
18832
11918
11469
4045
2607
3330
14410
8170
2255
2849
15495
11778
19983
2560
5817
3019
13739
13801
4714
383
10172
5640
5810
19957
4888
19845
6482
5203
2482
10421
8346
4557
19749
2228
13792
2822
15621
5306
2536
16323
4846
4240
17507
19696
611
11540
1282
13834
17074
16038
17269
13060
15300
1791
12829
18172
11133
12229
5932
13301
5066
4601
8019
1339
16654
2787
12379
15221
1377
11167
4600
19607
11661
1091
11922
1155
1855
13244
911
7970
17677
12427
3720
13357
559
15358
1705
17904
10738
8812
17331
4056
10500
6984
17226
18923
694
11302
13915
3373
18892
13804
19488
3842
10443
7049
13292
1427
5480
3299
5030
19713
11344
14162
16224
2441
3801
12960
1345
10080
5754
3111
17592
15624
4636
15074
2420
16949
15534
6888
4596
12397
18532
1763
1400
3149
8243
3730
3630
19359
19239
17882
3224
18296
14527
9962
17921
14957
13799
13268
623
15342
19128
3074
7072
5136
15392
500
9785
2985
12398
19386
13127
19167
11906
5579
19076
5775
11621
8796
17951
7510
2493
19579
4925
16177
17723
6677
4436
11875
1208
7644
320
12142
6421
1234
2138
6391
11322
18964
806
2335
18567
16175
10202
10883
15912
5361
10728
13667
8873
2687
11461
122
940
3714
3682
9493
3157
1029
1784
17674
18454
1999
12316
2700
17537
6862
16431
18752
17487
8696
15404
1394
4986
6560
5468
19695
17120
2117
6058
14461
14511
14764
18829
5141
2297
15461
225
4383
4047
17564
2645
11455
16035
16601
1953
3738
5758
13291
5195
17788
10332
4741
14986
10240
12122
15996
1951
17344
1222
2435
4181
1429
16145
16062
19642
19054
19155
6905
9357
748
11964
16164
15929
17582
18539
14155
8173
8477
16674
13078
8097
324
6689
7112
13701
15052
12962
12051
3204
15505
6480
10389
2453
15276
10634
1046
18597
15914
16749
17492
11732
18444
4526
15037
3120
11842
17568
2808
18144
12686
18882
16910
10670
622
952
3150
3985
12692
7188
13692
17542
12353
10523
19469
7116
3839
4698
9728
13284
16992
5467
19566
12348
3582
16514
7987
1988
3860
12487
16768
11685
4747
14842
501
15907
3600
6117
9188
3440
5038
14339
6923
12732
1379
18838
16939
19114
10681
391
6775
12698
3144
17357
9541
9258
11519
16710
6810
1737
18885
14983
11612
2356
12822
626
1752
9644
8218
10597
6723
18012
317
13871
9976
11508
3349
10955
510
9278
13379
10973
13097
11586
4268
7479
7238
19581
1425
1657
15965
12257
17329
14005
18652
4582
15458
9108
19405
18111
14858
5607
8163
17611
851
2544
4148
927
13857
8493
15629
15357
2965
3196
12015
15297
1825
7527
2669
8788
13131
1782
8781
3884
12847
15805
2794
16258
19279
18935
18649
12668
14450
8406
20035
13877
11706
9911
19016
16942
20043
7131
11157
6942
3645
19075
7680
9356
14327
47
18825
14491
9909
919
11597
8742
2427
12231
3441
5356
8394
18002
2202
12729
18815
14717
274
17197
16294
13811
13650
11785
3108
7035
17182
5666
1677
9653
1518
19718
17374
16444
17416
12834
9181
4524
16332
17752
10081
4434
6808
1694
14915
15780
17187
13343
10256
5831
18217
5995
9437
4770
14934
6113
3912
15307
9899
17794
1878
2602
5674
651
5138
4879
17272
10697
2039
16865
19603
192
1693
1285
12295
10450
2969
8118
18176
12210
19978
1617
11017
3648
3638
3554
5975
612
16589
15537
8741
8979
7450
19472
3973
17929
16556
1960
19011
17404
8537
4338
4150
3662
15874
6406
9775
4858
15056
18276
11933
1641
12848
4355
4546
9818
10340
12003
7731
4479
5186
2063
10391
4724
4619
2509
12076
1050
3660
6369
16999
12742
10767
8639
14204
3697
13508
13931
5733
17422
19886
4212
15837
4630
8480
7505
13426
631
10833
4831
17219
2976
8945
12893
6975
16587
19233
13197
11384
16055
16540
5348
14341
4739
8286
18922
3105
16036
8852
7983
6108
2181
6429
15147
19836
4822
15826
18256
11132
13453
6444
17009
10505
15763
4379
15968
11404
16337
14885
13727
19783
41
10994
18992
17113
14653
10006
2831
15386
3449
13351
5618
6907
19065
2401
18981
6060
14333
712
19955
7023
19269
4433
5718
12074
10418
6012
6670
12359
4734
8552
17697
14847
16073
19141
4269
2459
15738
4063
12957
17633
14476
14550
11209
5539
16924
19840
16909
16512
7033
3246
3214
7583
19698
10872
4331
4130
4340
9480
2551
19306
12225
1735
15322
2802
14699
12891
3816
15608
16124
11761
14225
17581
1779
17736
4389
8562
17405
14053
14562
926
9598
12868
16047
17726
9623
1862
7589
9854
19565
15118
17859
12633
18621
19585
19412
19794
2156
4237
18430
17154
9486
4869
5962
4695
15463
5409
19309
19417
16006
19838
14809
14358
18332
4215
15725
1180
12483
8247
7695
1206
15121
16352
11176
3975
16872
7164
15414
3978
18659
15378
14090
13868
2817
10183
5971
6049
2788
8128
1663
14574
8470
3620
11373
11896
12112
18594
1203
16731
685
4570
5606
4362
17002
727
19337
14251
14834
2033
14385
12099
2449
17341
11185
19733
10649
884
18129
417
11547
19105
8424
15972
3834
2470
16741
16937
4299
7372
14792
16659
1185
13120
12547
1233
8740
3459
2692
12620
9534
16
2931
5654
19990
12994
11962
18259
2303
15033
11092
10168
5387
5860
13906
5238
16440
239
1159
9129
15251
9845
10999
17319
17279
19965
15309
18695
13563
17369
1015
9904
11249
624
10922
13772
6842
2160
1137
1700
12063
17763
14696
177
10989
18546
10599
11481
3676
7398
13011
7634
16058
10468
564
15349
11769
14064
9261
7775
12144
8196
13766
3066
18961
9936
9176
2746
1041
14517
2425
707
3198
18786
5516
7328
18320
15800
2699
10438
5172
8915
11864
3686
1482
3097
13913
12824
13124
16583
17065
18359
2298
9055
3706
19467
4551
451
2466
1680
16688
12748
10584
13605
18949
11921
8234
9416
4852
14035
5639
10281
15545
4900
14771
6939
19750
15489
18782
2906
11287
8960
1913
19643
15363
16426
13021
15984
19175
11124
1861
7433
13066
17998
11121
9078
17116
1696
12198
14447
1063
14626
11809
11882
4257
16396
394
8343
14721
17396
3815
15136
6746
19165
11294
18555
16286
11487
11716
9757
19637
2053
14778
3360
4428
4716
16707
18842
3871
5355
15857
10132
7911
15479
1656
16803
19574
2671
6276
6285
4014
1596
4700
18072
4219
7734
3591
12043
14311
3984
12533
17115
7891
6055
5296
13247
18119
10219
10012
2142
16404
2197
2276
12898
12709
9502
850
972
15231
14504
14171
19414
16067
12486
2971
6626
8701
4305
9553
14644
3767
10585
1769
15427
18957
306
6753
1310
18508
17584
14066
10814
14967
14103
13103
19781
13926
5722
10483
3411
7397
17534
11008
7394
11791
11912
862
2855
16788
10122
2447
315
11734
10843
12009
17090
10027
1928
15388
7438
14623
17938
10578
7668
13401
5867
11180
10720
6123
16899
1018
15326
16149
15216
10762
140
2446
11408
13496
2676
10776
8045
1811
13465
6154
7529
5132
19997
8471
6249
8068
9161
17638
18293
1092
17101
17176
14131
17353
17414
12155
2136
19544
10097
8074
15879
12028
11368
2582
10258
10822
4315
9998
4471
4527
17607
10967
3375
18545
1661
14568
11406
7563
2578
14018
19874
17885
11438
2698
8162
2003
13967
18189
14857
5287
17028
12400
4554
12029
2981
15059
521
5498
16188
2655
18326
1058
3579
6222
12996
3982
7285
17545
13928
4463
13836
17573
4756
18920
10005
15535
4043
12469
12203
15961
4159
18228
1436
11797
4206
561
4952
1099
2754
16217
10803
8525
11808
14042
125
4910
18544
3959
3369
637
3039
3301
6465
7767
16200
19647
7225
4146
3875
5659
15089
770
19648
18381
12433
1823
3363
19361
3213
2583
3118
17348
16377
7958
5
1778
12334
8983
18125
15060
876
12921
19932
617
2527
3558
5240
14418
10062
18091
18504
18146
2498
787
9678
14618
10888
5652
9710
526
19292
13439
18893
4281
10987
11715
3726
18574
18983
2755
18379
17709
199
13975
5983
10992
10400
14419
12194
10576
14559
18268
12715
8259
2116
327
15086
8734
5455
18168
12867
16577
289
15691
13026
2752
7857
13577
12082
12854
1333
18282
13146
3813
9277
19896
3526
7047
9211
9597
10958
7975
4916
6134
16641
13245
3702
9205
14028
1756
17830
1632
4330
19316
18507
7712
15365
7986
2658
1078
7313
2070
17459
9774
7626
12238
7384
16706
15790
12096
2376
13115
17700
10526
19461
6282
18996
13759
3327
4325
7650
15487
11026
2899
2049
8590
14123
14059
10919
15925
348
14739
1879
7677
17085
2270
644
13270
11965
1095
11877
14245
4908
907
19700
11494
9045
10232
4885
2769
14357
11394
4263
7347
16792
10023
12787
10165
11648
17337
18375
5450
5592
20037
18871
9622
11331
12582
9542
18044
576
6883
498
1673
6086
13850
4475
8338
2750
17792
19950
4249
5150
12072
3340
19980
3318
14547
13712
11730
1104
11898
4701
7245
18094
12370
3
16462
2620
1478
19558
19357
13908
14955
19735
17628
15191
9658
5021
8801
19465
2680
14841
4507
8831
1681
7674
18997
5513
733
8853
1877
5275
5791
10998
15244
13183
16088
11713
14296
3693
10912
16600
8264
15177
3138
990
18278
15609
13686
15144
3548
13188
16068
17177
6170
3754
3683
3623
18984
12421
3618
7740
3519
10016
10284
2950
10331
15472
15588
4799
16557
5769
19391
214
6502
9689
557
8885
17461
14016
11396
7621
15832
11824
7607
6698
14882
6902
1448
5451
11850
1002
12378
11190
16819
1307
19673
1831
15577
2061
13410
18416
8946
15098
8391
8059
14014
5980
1580
3073
1342
11174
9503
4213
9296
14939
6774
10766
7021
17134
2097
11859
17055
19996
7338
17797
11066
16588
11871
5335
10464
3972
7632
11987
6526
11518
15562
8595
16738
19540
17220
7962
10709
16673
3277
10452
10665
19208
4408
12342
4984
18468
15160
9670
619
13976
17775
5377
11869
15711
15151
7003
15013
15137
16150
16476
1749
13633
9172
2704
18606
14974
4738
1007
12518
6839
13494
19430
450
11268
610
10623
10408
11288
18744
18928
5500
6234
3691
19475
14096
18625
12102
6524
14142
6041
14451
2397
3592
10330
2630
12700
19587
2080
15592
8433
7685
13360
2791
19120
19906
2153
10497
203
2570
19375
12137
12492
3566
17195
2165
7158
14261
2055
10420
9741
15101
17710
19321
17616
3545
16594
2432
9908
2241
6493
6637
9540
14427
13005
19917
2683
18490
5963
14918
786
3090
1269
18847
12733
19038
9560
19231
10084
2110
14295
641
16627
1662
19169
4062
19832
10013
19168
18289
20047
19308
3205
16174
11677
9896
18510
10075
17928
10647
3586
17233
18809
266
14879
1456
296
44
629
17277
7500
13487
17436
13377
14709
18214
1442
7742
19674
4982
2827
3900
15731
14913
18169
11537
3535
13853
12632
6614
4142
16384
864
3271
896
11538
387
11165
3964
12419
2789
12987
1873
15312
3608
19042
13498
14964
13173
8258
6463
17930
8756
13657
2088
19117
5866
13240
7174
3746
356
8815
15653
18309
17561
12640
7778
16815
19220
17988
2370
15573
5217
11981
18600
2471
4178
8798
16276
19895
12969
10581
13064
18447
4807
11035
2190
6104
2986
3123
12380
11032
7869
11793
9840
13504
8655
15081
14030
6893
8104
17766
2381
12800
4216
17169
12021
12857
5578
18247
11525
13272
12739
5227
19865
6316
9228
13074
18653
7448
388
2821
9873
2027
4625
5839
14309
15273
18221
16107
224
6766
8961
12217
4584
8390
2902
17261
13870
6635
7960
18191
5369
6516
2646
19863
11154
15379
9815
2253
4947
172
9364
7768
2195
12642
12745
15021
17960
19970
14013
14279
18577
10301
18422
9336
17688
3619
1166
281
2172
13174
12626
16625
2744
5395
16376
15456
8500
9927
556
18525
11337
8231
10024
3649
19083
5756
3772
24
1589
3368
18
11626
8570
5100
3047
12590
3770
9509
1718
4723
1355
6381
861
17989
991
4606
4677
13900
7213
3797
4328
2111
18962
12085
10303
11245
7191
19160
18598
17522
4938
9280
7255
17421
16260
12947
10792
11057
908
18717
15077
17819
16211
16392
8576
352
18157
18552
15446
17565
12088
1845
19378
4894
1610
15913
10981
7443
8551
6562
3894
8501
2475
8430
3961
19789
18145
3528
9703
13228
4453
10071
16492
6109
1022
17181
8963
10034
6075
16278
14465
8263
5339
16898
9886
10221
9820
17738
13472
11431
18679
3170
19741
6514
14881
1097
13354
870
6080
3341
1291
732
5897
17761
7
18402
14587
9965
13303
3435
19363
2967
5499
14099
8399
13587
17985
17460
5653
220
15743
1528
12329
18244
19569
15266
2782
18476
9842
19172
1415
1972
8891
5984
19949
3751
17817
15979
16020
15383
10209
13639
8209
19577
13898
10031
14554
17711
13986
18698
10765
11839
6669
2100
15778
18798
3452
3453
15672
6083
335
5113
19805
8452
19101
14961
17954
4133
6258
897
4932
13474
8666
4376
10255
13264
5997
14227
5772
14594
18719
10829
17708
19768
2247
19153
11065
18987
14196
14220
1540
20019
5713
9900
8006
16988
553
5993
2804
15953
16039
16598
10333
15532
7487
8197
7705
13271
247
19774
5546
6944
16763
3500
12479
13069
11681
10307
3487
8702
9796
17749
7156
6978
11598
10249
10208
10369
13996
533
10045
13454
11143
339
11010
8486
305
5894
895
18271
558
13061
3642
3010
16238
17984
19497
11771
10349
12174
18366
14496
819
6636
14483
9114
10748
14253
18248
19037
19572
2146
11307
10277
9331
14728
11437
5561
106
9650
13932
5103
19846
4751
15186
5728
11539
17129
16614
293
2451
10469
15275
16324
20018
15497
9841
18331
19982
1459
4015
10832
16398
7720
11930
14661
4517
18448
58
14891
17952
64
8485
17741
15091
180
18308
429
12241
469
9265
503
12107
1273
2759
16565
3851
17538
14032
10557
1593
15044
9475
14729
15518
9229
9979
11171
11938
14751
2155
8934
10559
14706
2166
4099
15694
14153
13865
12583
6040
7155
12786
17940
14292
18105
10189
215
2360
15897
16668
18917
15051
19103
18208
7830
12552
8937
15435
17883
7198
7681
17345
15268
19301
19902
309
260
13740
17649
848
15350
1916
2703
13531
13230
8244
16752
19927
16571
19977
7451
3831
2037
19622
8071
18187
15818
14249
14994
7548
2834
5811
2158
366
19597
14993
17041
5645
16936
5336
3804
13040
3670
1933
17796
8194
7419
6707
20014
3711
304
13167
1279
15369
19702
18938
18631
13623
7862
19880
11924
4511
11333
13322
2974
14473
1783
3567
18193
10866
3989
4203
15515
6791
14724
2810
19963
15875
2529
4050
2790
2737
1264
13641
132
12694
6628
14767
10778
1297
6668
3520
1829
4732
743
19395
13101
7267
5911
3142
12716
8914
19495
1967
7944
17505
10763
9428
4620
17754
6212
7856
16914
2194
11242
3862
9831
1283
17618
15900
10415
291
18403
14722
1090
9086
5012
453
5800
2549
16671
1509
2289
12324
396
4447
18316
19379
17158
7067
18170
3353
2480
11625
1375
18648
12681
10078
15859
10161
9425
5404
1645
2126
6916
7105
15813
19221
1758
2944
11187
6896
1357
3907
16310
4531
5572
8373
15080
16548
14452
10471
13491
12165
10279
15380
114
17624
1759
2575
6201
4913
14779
19253
2238
18396
9148
16561
18515
15004
1659
5719
13436
1892
14378
19539
2040
3870
3258
13844
10282
14947
19051
14506
2191
9204
17468
575
2229
2706
10718
7016
10700
13050
6247
5425
2563
9222
11972
13717
5489
77
18160
6435
15776
4635
11696
13043
15291
15816
2010
10164
12050
15024
12679
3481
18083
12661
9100
3114
15881
10678
10072
78
10531
7558
12573
8176
13347
16545
11574
18812
6814
10529
13075
14280
16612
3588
16507
6490
4161
6596
19431
3920
18470
1309
17333
11140
4682
19715
3636
3508
19770
3168
10515
8144
11352
6709
821
19270
10473
2543
14314
15797
15710
17627
10668
2378
5826
18656
19806
16503
5155
7801
19653
9677
13418
19446
7146
17186
14105
17097
18152
18019
1103
10358
504
8051
5018
11616
7776
11202
18436
12449
8599
14730
15234
19273
4699
15481
13373
13854
7884
8826
1327
7302
15416
1717
555
9603
16590
5976
19294
10541
13252
16334
16933
10735
15587
2595
15284
11016
9017
10536
1157
7936
14298
6731
14167
790
2413
15801
844
15810
869
4199
12184
14207
14424
14247
12693
12190
15049
17053
17791
11671
15732
11314
15866
101
13930
726
6665
5560
11204
10655
15015
19621
8528
9829
15375
14218
14742
18224
17130
11156
1588
18354
2896
2031
8474
18616
12373
12684
14901
16604
15314
4403
1431
14085
18349
3315
15178
14046
14469
19173
16883
14445
19988
6898
12354
12546
2665
6914
15567
8799
15687
19413
13353
12016
3322
9905
12525
3479
19748
16976
1280
16080
6790
17910
7407
18457
8870
15635
19951
11166
14525
14981
2606
3439
10854
5341
5531
7873
19606
16267
18138
17594
2847
7132
1842
18863
5447
4689
1774
2455
13802
652
15016
15809
19694
11516
12877
7919
19723
12949
2773
12804
1624
15529
19763
9262
5059
17132
10653
4863
1614
17994
4116
18967
14252
1668
13200
6434
14036
16167
18042
1239
2410
8005
4155
12209
18051
19855
3585
9259
2215
13416
16923
12643
4850
3947
2898
15982
18408
6629
16689
6776
3307
16280
4795
198
9848
2686
944
7743
9026
14492
16075
17520
11860
9527
18913
17427
3955
19483
3695
5365
14844
1734
13872
13676
9613
4415
3564
10615
5200
8810
11081
14216
16289
18639
17256
17972
10711
11103
15720
11693
16734
19085
5884
7902
16532
14149
12776
19297
7431
19862
4398
16917
10351
3687
614
13837
3863
18742
13956
14936
8233
9824
673
17448
2256
14194
15517
15825
7235
15217
14455
11900
9187
2530
19299
13584
18821
13442
14929
13027
13464
15589
3796
9020
15029
3690
1884
6602
881
4417
814
1570
17016
683
17818
11116
11047
12325
2621
909
13305
13054
4123
16204
397
15325
2436
7866
15692
1151
7965
17583
12392
16537
18807
7219
14111
20039
1685
18109
16206
14516
9083
19875
344
13737
19826
5655
5882
1943
19552
1052
9937
11046
11849
4672
3405
13515
18386
17366
16873
10737
6387
17908
832
7981
14777
5316
14008
16718
14931
4491
1374
4576
17200
15952
18219
6155
6994
15156
4064
6936
4839
8966
18069
15719
17608
3892
4746
18499
18285
11401
17679
4540
2321
19241
16237
4706
3364
7323
16496
10725
959
11899
8387
3940
4214
2545
15938
9340
4589
15841
14323
7364
17852
7426
7058
10741
7473
17720
8311
19804
6325
4474
5696
4853
2176
15705
7508
797
14715
471
16844
10882
2743
2960
13779
5751
8874
9380
3709
4500
2212
19352
5180
2458
14049
1828
16838
11473
13590
11658
10086
12164
11952
13963
15920
4990
18171
4593
11786
10203
13711
2108
2540
16066
18604
11267
18837
11795
17585
11624
15398
3827
15054
5456
6651
32
5147
17198
2766
19193
14422
3161
19485
14129
1973
13662
13342
11873
11101
12065
10679
17981
12411
1867
18926
9538
12956
18527
15009
13031
13735
5367
14579
11565
16727
18484
10780
18475
19706
664
18428
14566
234
13371
6648
14608
1726
16041
514
8633
14020
2288
19066
15571
2811
9545
1182
18218
17152
3701
6428
17419
13451
19775
19091
14569
9535
17139
12568
10485
6536
14246
9195
18192
2141
3333
4004
13808
10624
12639
17171
4265
19645
11653
15928
19474
12443
8794
12293
1837
1318
1865
18943
19910
14830
19909
2654
14711
7193
452
2013
17670
17912
7304
18588
12185
2512
18154
3496
11511
15768
4998
5630
4929
3977
6345
4254
19542
16257
10810
16857
18243
16264
13995
7501
12277
15538
12253
5208
17863
13912
1205
1295
18451
10826
14411
4731
2198
18521
2180
16616
9459
10033
9127
19462
11674
605
17756
19293
18198
6532
9789
18558
739
10945
1805
538
3296
15239
5785
16179
11639
502
2738
13847
6528
7836
7423
4813
19392
14619
15606
19338
9747
14876
10811
17725
15223
6158
2982
6313
17629
3303
5028
19864
17103
16530
11820
2760
5893
14603
6750
5167
5568
11865
18343
17992
14446
10724
9212
1411
1767
17179
19975
18054
15808
14938
15512
12895
1186
18357
10755
3814
13558
979
17659
16499
12474
2274
17686
152
4095
17717
16908
15734
16252
14234
187
4317
9267
18670
9427
4951
19641
13479
10656
1115
12461
18494
6293
1163
143
17721
6485
2946
1770
10685
5080
13880
10556
6281
17891
16461
4892
18108
7916
17211
2211
10547
7800
3783
11483
17531
94
755
13687
3583
3247
14899
18793
9043
7029
10570
9618
13793
14988
6430
17850
10384
4246
14625
9430
11130
12235
16249
12761
3781
15187
2008
3008
14370
3531
2103
1581
2546
8574
19562
9671
12775
10112
18690
3512
13710
18388
7956
18535
17059
10417
901
15256
7718
15503
7306
8073
13721
15556
1465
13593
5165
5007
3241
1405
12504
14087
10795
1714
12180
1493
19457
13617
2152
9837
374
922
12352
10658
13714
11862
5933
4280
14816
13419
1582
16562
222
4461
6074
8496
13634
8488
17815
19604
1323
801
13032
15226
14596
19856
1371
11596
19487
3325
17313
18460
7655
12384
13553
19510
8133
12565
8712
18486
17253
18260
6181
2797
16567
19798
4302
18015
17406
14655
5939
15820
1501
4506
17724
16089
1691
15395
6508
3643
9143
3098
16221
3953
15852
8602
2587
13902
1816
11988
2780
3722
4386
18650
3837
3092
7662
15022
10742
6296
8491
1191
13636
15860
20
8797
18064
4873
5954
10162
6781
3338
10228
3944
14821
13548
17575
1915
16867
16342
2398
17675
10387
9099
11588
19130
19068
5862
13335
7832
5176
4809
9665
11590
12549
3577
18549
11441
6365
4897
12030
18750
14911
10311
15986
1227
3154
19523
15565
847
1544
6779
3216
8618
17229
3267
2979
14132
16907
3461
1330
6684
18023
14354
2948
10233
17137
4041
16729
12123
5391
16667
17060
4522
13417
10532
19433
18175
760
14624
14893
12851
11584
11377
4114
10194
1413
12597
5473
799
19451
1329
2521
14835
815
14591
12356
18253
8793
282
11764
2021
964
17274
13380
13575
8044
13492
4490
2853
15104
8086
663
4956
1072
17104
9337
9366
19010
2464
8806
9093
2147
1341
13413
13601
19777
11468
14713
7268
14898
15890
4914
16473
18624
4962
16409
1443
1326
8573
8393
5161
11295
8257
14707
695
2579
13246
11659
10113
62
6550
265
15475
1123
11020
4544
13068
13168
10458
1631
15389
37
17293
18764
2836
14515
11346
16661
362
9885
10138
3027
16807
15932
1950
8421
14441
1440
8926
18711
6699
19090
7978
5465
432
10703
9978
19632
13477
13297
18982
163
16739
7135
15884
19537
11687
441
19496
213
12557
3747
16458
14190
13961
7792
18583
20009
18617
4055
17510
13273
13248
18587
11432
17444
1798
7879
10705
3552
2535
16638
17706
3624
4283
3913
8174
19707
10732
16746
12272
11637
15812
757
2793
11420
15946
9214
19263
14263
3100
10052
9441
9982
4759
7788
12139
16245
9981
9619
16354
113
8730
18335
12980
16672
7300
17089
14840
395
19666
11552
19984
10714
6847
8865
8624
8750
19599
7852
16135
13943
7520
5068
13629
856
7237
3629
6007
9330
11517
14540
12537
18361
8636
6098
3087
5743
8440
3072
3559
16946
19481
12471
13256
7646
17252
3268
14604
17544
9260
3523
16417
9112
14570
866
9674
2633
8592
19088
15367
15627
18609
7513
17727
15945
7403
9147
6321
15610
1642
6447
13316
19094
2988
10838
15509
12414
11096
9027
16850
7537
14904
8489
151
11928
13361
15935
17358
12044
18290
13581
10106
4819
17918
17846
13382
10943
13433
915
565
14360
14025
9042
3319
951
12866
12048
8352
1372
17007
752
9762
4006
13646
4827
10021
11280
9005
9090
11472
11024
16486
16843
4868
883
16118
12106
18493
3357
17807
17770
2078
4402
15735
16931
5110
17206
16448
10402
18292
1048
12925
18018
333
17856
11768
10491
489
12634
6891
4104
55
10596
16464
11739
271
18269
13784
10004
8505
10667
11909
2020
17779
11195
1121
14468
6059
15105
9951
13620
16576
19638
9596
3817
16156
756
19576
19676
17189
9358
11357
4207
3974
8803
14091
8866
14908
4591
3491
12432
481
1676
16736
17805
16676
17612
4292
13945
3880
12171
7329
5116
7736
18708
15498
11973
8976
4120
5001
19396
1487
16657
13625
16944
3345
19633
11682
16065
2860
8415
13947
17783
15847
9355
5834
12386
8476
13884
17690
7899
14350
17315
8683
981
1719
9746
18383
14102
3845
11927
8546
16720
3250
19056
3492
16703
14769
13076
20032
15642
14822
3628
19762
2096
4955
3300
10129
15305
19095
12283
15252
9769
4792
17521
11018
15519
9948
3415
4566
19171
15359
17603
3197
18592
15744
17482
1196
12926
18794
127
12651
2801
12961
17
14794
15114
19520
10053
19401
11708
17665
1653
17463
3361
16003
2517
2129
8181
10131
783
8384
650
2405
435
1809
3162
8557
3795
16721
4683
17517
9141
10382
8989
2584
14632
4512
9855
18632
4556
17210
6592
3571
2930
12027
1573
18827
18365
10182
13614
15452
17340
10496
19419
241
17835
16651
14719
13929
1832
18241
5904
4926
355
19590
9490
879
9189
7881
4877
18489
9518
270
14807
18615
1541
10359
6213
14453
5609
19258
16350
2448
18622
11061
10986
15198
5812
12845
8970
15323
898
809
11951
5187
14573
12815
12368
2856
14063
347
9924
11126
10431
12812
18766
12932
11562
9460
15903
18257
17119
4194
1060
1567
18495
2614
2829
11750
9295
994
7781
2322
2826
8061
18767
3578
17038
3776
3997
16110
1750
16568
10371
13158
3017
33
10969
7625
14089
3194
13399
15011
5427
19235
18990
16760
19848
13689
6057
18709
19261
19675
4456
8296
12010
2712
7081
12955
2938
14852
5598
12463
12282
11470
17188
16433
15951
2074
4038
16180
14454
6722
9348
18637
929
3376
6760
12923
10565
12671
17221
19549
8114
4347
18702
2576
8912
3133
3265
13813
15124
17098
2149
5521
698
9379
13330
12930
15514
7819
6940
3128
18030
3125
5014
2918
9676
13960
28
11605
12244
8962
15542
19816
10108
545
16163
4602
10399
1875
19888
19614
2130
18250
1974
3667
4346
13288
18114
10200
13603
19911
9338
14489
2777
11363
10988
12075
13981
8536
12548
13925
3644
7109
17477
7953
831
2125
7379
12596
1296
11210
3589
17826
6920
3854
15530
2099
8054
6964
17381
17305
13814
4160
7153
15791
4034
15005
15904
19439
13630
15995
3290
8383
18100
5140
1721
12576
1562
5439
9200
15598
17925
17786
13514
461
7076
16980
3403
4364
4098
117
4309
7815
16434
5250
17022
18318
18826
19993
13033
4439
12611
8899
6625
16273
12079
11816
17393
10528
13896
2034
19410
1795
19831
11276
13437
8524
2996
5434
13223
13296
4854
12314
9839
8214
13369
10879
11219
15522
5799
1444
1433
10939
3332
5545
1515
17652
14942
19810
15593
14560
9474
19266
13096
6533
12019
8260
11269
2203
11405
11100
11569
18459
10957
9398
5263
13364
10375
12265
1520
11435
7954
18683
14826
19568
3596
14580
4165
10982
3935
17663
12327
16502
8093
11299
2767
5842
15421
13112
7161
13024
11413
8577
5505
18469
10465
18458
0
19677
9713
11806
8465
5206
17924
14494
15602
4279
13760
17593
9825
1080
10049
7439
14630
684
13329
15008
8508
13139
14975
9494
19745
706
15678
15212
13864
11234
1070
5294
231
2094
4594
12710
2187
10267
79
14795
509
18791
2386
7930
15756
19176
15676
2012
9
8585
18463
3471
9483
16887
7325
7327
12459
14956
54
19470
11159
17730
8661
11278
19893
3334
1712
15769
10498
6494
9274
13446
19257
10908
2733
18202
1839
1553
6404
8472
6575
9006
353
2613
3825
17061
6726
19325
11114
11106
10690
4560
16975
1025
3734
11200
7696
16544
14970
19089
10309
1252
7461
17238
19060
14746
2949
3320
19821
2452
16153
11499
13782
11573
10680
18035
2428
13849
11119
18045
19787
1720
19747
12920
5859
4688
11136
15333
12751
80
3218
11194
13842
17275
3663
507
1361
16032
8863
4950
11005
5013
4225
9543
15883
302
14684
18005
10160
17093
6179
5352
14650
14344
17601
11343
14156
15271
16293
1866
2598
10863
3200
3259
18288
15679
19458
15397
15218
1987
719
11650
16624
15491
11635
13670
17932
12125
12580
2567
14583
14732
16901
4534
6951
13467
1040
19853
18945
12245
1542
3238
1703
16194
10996
8389
9718
14493
905
10638
11141
17799
2209
19554
5438
19987
4497
19380
2714
16054
999
14979
15546
15603
14334
17493
2396
4168
8635
12493
14421
15757
8186
17795
12211
3677
803
16783
255
16737
17469
10710
14584
7281
7410
15926
10392
1396
1628
3281
7363
1101
13855
18184
9036
18077
16057
3495
11866
9942
14545
7341
7030
1150
1534
11649
15083
3727
16390
13911
10911
670
11348
1270
4457
1519
10041
19871
14331
5764
17546
12095
3260
15927
2035
8867
17403
11799
3444
11111
522
11351
11779
13664
5459
14282
4076
16834
9546
13726
9044
3605
13055
15905
10788
14387
14230
15839
13086
12450
19024
17541
8782
19225
578
14356
18500
933
18438
15474
14873
16282
3002
15525
14671
10313
67
19691
16103
18081
17352
2844
17872
19055
10616
4843
668
1868
7359
14079
3351
4821
18777
5398
13072
6846
10543
3477
16631
18254
3018
14892
19471
19046
15043
8330
4080
9813
11558
13304
5228
15585
8115
12006
3902
15259
7236
18634
19317
1575
17383
11830
12489
10609
17893
17298
11883
16547
11652
16335
18873
1393
8721
1024
13365
7682
10223
3305
15415
19186
11113
4358
4648
19534
7710
17653
12752
10692
938
9811
7825
13832
6152
13840
18680
4966
19830
9286
13287
474
17068
16060
13141
13924
3617
12113
16585
3910
5587
208
1584
17376
12391
14277
6289
19136
19368
316
68
17658
11910
5478
12550
262
14649
11526
4012
16443
11198
3033
2220
17937
1311
11507
4143
10791
17184
6595
3385
13822
17307
1666
18096
9688
18762
13770
17112
1011
2408
1086
12757
11936
15262
3626
10109
620
19377
8693
2776
3289
11451
8317
12367
2569
4060
2708
3830
6855
16378
445
16922
11000
16162
3175
3050
5555
4483
12181
15673
2251
18802
19609
1403
1356
7274
5715
12187
4598
5952
10440
15992
19513
11424
19366
4318
8964
16329
8261
11668
9640
13992
2725
12320
17034
14188
19624
5475
18554
2387
8062
1153
11484
10869
17758
8981
14428
16596
18026
11581
1936
10276
19097
5041
16106
12192
16875
14078
17589
12366
11923
3888
1076
14848
10022
3790
2923
10353
10197
15632
14134
6559
7909
9342
15583
9421
12842
16830
19351
17153
6679
2547
2018
3602
14529
6831
1598
8705
13414
7202
13934
12375
11457
2379
11147
14287
16385
53
7941
3593
15502
17485
4542
5157
5087
9457
14673
1894
2936
1304
14244
12008
16859
3976
10603
16650
13302
19859
12344
3719
13170
149
7521
6191
7271
6947
6568
16686
18362
14546
6149
12635
18952
18166
5158
4382
8359
14894
6543
8518
4920
7089
14575
257
1420
13654
11013
11542
13950
747
2854
15189
11062
16868
9033
4425
9479
12743
19389
5431
5648
11631
4416
16266
1325
17889
13171
971
19365
8007
4184
1914
8146
17842
9849
18638
10898
9376
13948
12561
11794
5668
4163
15971
13791
19170
6548
17398
5890
3263
16539
5415
3595
17735
3497
1401
19147
1190
15269
17162
1765
14744
15370
8235
4787
7920
14605
13728
15490
8787
1486
19992
4308
10334
16414
7952
18197
4794
8078
17033
18043
7465
15165
10095
372
16508
16169
3160
17737
11049
13456
19719
13276
11389
2507
12577
2957
2710
10744
15274
12073
2702
3025
17004
11115
12544
15174
13493
12589
10632
1468
11887
3169
15236
3075
18551
4581
15582
18455
4745
3926
1667
10283
3370
7440
15279
10586
7761
3102
10409
3484
8851
5460
3026
365
15148
10405
19785
13452
4445
11369
7259
5039
15584
17953
14810
2656
15523
11321
9070
17591
10326
12140
1083
16542
2242
1434
18435
17428
1996
18062
12147
1267
950
9684
4973
13788
2290
2192
9719
10011
15296
2450
13391
2925
600
10521
1143
12163
2050
3613
5580
16962
15555
14352
11978
12312
16374
6683
19623
13860
167
18635
19524
3696
7001
2619
18462
3919
19828
13376
11523
17397
12205
4768
17802
5620
16669
761
17703
3146
15853
20007
3736
14290
5742
2144
12258
18704
18954
2641
7737
14429
5345
5725
16223
3015
12457
10411
8861
5102
11845
5233
18820
20027
17499
17380
2415
19118
11425
16683
17489
16263
8
1636
4422
14070
10002
19563
9128
12274
16890
10534
6745
8298
13637
17974
16140
14009
18937
14804
19778
17875
15842
3946
8337
16960
8434
16283
13104
10294
10913
6523
18836
10366
4692
3261
3045
10038
16316
6359
12838
15639
17005
16756
1298
19591
16465
14943
2585
12054
8648
18903
19795
13661
12503
12687
12588
19521
17295
444
5541
12365
10477
11746
7992
13162
13621
1517
14953
12975
9113
4476
3789
7571
12057
11452
4030
10186
14866
11001
11284
11977
1483
1978
13488
16546
15255
12317
10575
15528
18975
2016
6207
4418
11641
4423
8828
9385
16696
16113
11246
12047
16956
18348
5522
11929
12708
15317
10550
18595
19374
12890
1869
3063
14303
5424
16143
18011
14563
788
11022
10348
4638
12914
1991
2632
14917
13798
10039
3088
5617
11112
3750
5326
15406
19851
11606
18142
13918
13193
9663
15152
15674
8997
17987
19756
19528
4806
5868
9058
5913
1075
3868
2715
14340
4339
6436
10563
1591
9158
6420
1902
15526
2226
11500
17392
7542
4001
16347
6385
7151
14301
5575
8309
5702
562
11326
1447
11253
12584
5530
9997
16717
11903
18713
18578
877
15046
5625
19512
12445
12004
17909
3470
1288
16459
22
15831
18225
5371
7063
14458
4684
15712
13448
9124
4258
759
3228
8250
217
19429
8896
19490
19195
1672
3140
12997
1912
12941
17304
6454
12884
11684
8971
10490
13998
1277
3474
7098
19174
16159
16986
8558
9902
19772
8988
14815
4218
19104
2861
13409
2885
6131
14259
15384
18325
3771
10684
19799
312
14921
18746
4431
18006
16338
6754
928
19272
16885
16425
19098
18573
16713
17420
14772
9798
15637
955
14271
14659
14645
14510
12465
15123
13980
2600
11175
3475
653
15127
10539
19822
15746
12865
16655
2668
19393
14112
7349
4087
4036
14561
9557
15895
104
6598
16236
12215
4232
13080
9648
11717
19761
1852
14971
12395
3148
18787
12794
18163
112
12402
16579
4366
19274
9523
16804
10651
16044
3346
14266
12470
9996
4988
12696
15652
11191
18394
6961
1321
1271
1918
13830
12178
17644
7046
7765
14589
1317
2336
16225
15347
1531
8659
2355
1546
16467
1263
5199
2474
17204
19814
17433
2184
17062
11480
934
5247
11614
377
6678
4595
5324
1648
15937
5801
336
468
423
9888
5169
19367
9237
19879
18014
12002
13323
7886
10243
6008
16366
19913
5912
9959
3581
3035
11151
804
10467
17018
51
17400
9510
6441
393
3191
18646
3362
2926
5508
17124
11265
14756
405
19230
18575
17235
9615
16148
5873
4707
18082
18529
13965
3622
1181
12695
5488
8544
18251
15017
12313
18112
13203
17418
11736
12167
2778
8526
12599
10612
13109
5318
16833
3905
3343
14120
243
1835
15014
2374
4790
11645
5285
15293
18201
4113
8057
13890
10486
4713
15222
4520
8438
1114
13923
18511
7413
18073
715
12678
2978
9306
18330
661
1113
19819
16644
14133
15803
15942
17911
12188
11723
6656
8145
10619
2062
10894
3270
15714
11309
12111
6552
20015
9462
10459
17106
16603
10925
15909
9812
10799
440
1822
13192
20026
17240
15200
546
19908
17297
19383
3488
18735
1172
3331
4671
14646
14930
11821
12688
3134
16633
16423
18159
17452
15707
1901
3556
17997
18481
12289
17871
11292
17031
15310
5429
9319
14995
4288
11879
19995
2735
7617
13540
15716
9986
4390
4712
4223
17476
5168
15128
4796
12772
11109
9528
462
13145
8069
5297
18234
16646
6674
3965
13957
15442
511
3785
3958
989
10618
11983
5034
14198
17423
9384
2252
5319
1035
14192
3430
1551
15876
3311
7927
13756
212
5261
18803
13561
18009
18706
15038
10846
4614
5269
863
17692
1757
2244
419
12782
15688
287
14197
1386
17596
10337
7441
11895
14463
11527
14057
15962
1923
17286
4652
2005
1727
2341
2859
13468
529
12902
10238
14322
17012
15789
119
8171
3252
16636
12284
12968
17478
14593
9424
18177
351
1930
15372
5486
18336
12127
19801
13513
18302
5099
15030
3939
4028
10959
19061
19869
7867
5379
15843
14803
16000
8060
19944
18944
15580
14248
5921
16938
10037
12872
2422
9332
4137
15023
12505
3689
17837
10868
16183
16449
10343
3352
13861
12719
18774
9270
8904
3625
9135
18298
19364
12098
17164
12460
4918
12477
19288
13606
5300
12977
10966
13762
2131
3668
12381
17973
14168
12294
6397
14718
7230
12964
15781
10248
3743
596
292
4555
4911
14828
17375
14069
874
2612
19652
4438
18540
16312
18654
12619
12169
14255
1187
15109
17364
2388
15351
11640
3943
15643
11252
15207
10398
14991
3640
15863
17949
14406
13635
15339
13595
16445
3656
7422
11719
19758
